9287
20
21
37
0
11
13
43
38
6
19
12
31
6072
20
32
35
41
30
8
2649
31
34
18
15
28
3983
37
27
44
41
36
26
14
41
36
50
44
42
5241
4552
20
35
28
16
1
37
5
20
41
1
1
1825
40
47
25
27
11
40
0
3709
28
46
44
50
6530
50
8
21
10
41
10
9
26
30
26
13
46
3518
50
8252
37
26
33
3
10
10
0
24
16
26
7980
26
6
2
8
2
49
44
20
6226
36
28
35
9366
28
13
19
21
7
37
43
0
37
17
28
48
1771
36
35
2820
4
29
47
3
32
23
33
10
29
435
33
48
7
23
9
24
1
13
41
9694
37
49
10921
20
0
1
8
38
32
36
19
26
24
19
37
3562
31
1
46
584
37
25
45
21
47
29
22
42
10180
11
6
29
16
20
29
27
31
26
41
7178
8
3555
14
34
47
34
14
35
36
46
1
42
17
48
376
37
38
17
36
7850
23
5
29
16
22
39
46
1070
17
22
43
38
40
44
16
32
0
39
21
6990
10281
11
22
10
4
11
36
23
7
38
48
29
49
6742
12
5
7
30
9
4208
2850
15
32
10
1
48
2787
3
23
18
37
5
5
15
22
10
26
35
36
2894
38
9
43
8
21
0
47
42
14
24
38
38
2629
31
38
9
16
49
8
3660
42
38
19
33
38
10745
42
2
5
12
24
40
36
37
24
29
34
1
10273
5186
39
4
13
23
11
10
0
20
43
8
27
8594
39
26
45
1
19
36
16
759
1
48
35
41
5764
17
29
36
21
9
22
29
38
1
6
25
5
9272
19
10026
2
9
29
49
35
49
19
36
34
33
2777
24
28
31
28
50
30
46
46
3802
43
18
30
7245
34
42
18
16
6
30
21
30
24
21
1
11
2549
5
40
7695
13
9
1
25
24
10
13
48
36
10451
49
1
1
33
14
34
8
50
40
5748
8
9
1930
27
12
4
43
10
30
20
38
6
8
8
25
9521
41
32
50
6869
48
26
16
2
18
22
46
36
5774
8
49
0
41
20
16
16
43
24
17
7435
19
1419
5
24
47
36
6
12
6
37
3
50
41
25
5352
16
6
34
42
8775
19
6
6
2
11
33
7
5609
29
10
42
8
17
13
37
17
36
11
12
6392
7263
1067
8
25
6
34
21
14
12
9
15
43
10
7003
14
47
40
28
1
4655
34
29
28
4
8
8
9481
18
19
5
48
9
2
31
8
33
13
22
47
6610
20
12
33
11
37
36
11
41
21
23
20
16
5193
30
27
41
6
11
6
8557
41
4
35
39
30
3148
25
38
47
32
31
18
33
34
33
6
8
19
5905
4193
12
44
14
23
24
23
49
28
46
43
29
8344
32
44
43
20
46
43
24
5661
33
12
21
4
7265
6
27
12
49
0
23
18
26
14
19
45
15
10458
44
10895
2
2
38
7
39
48
7
47
26
28
583
31
21
44
22
33
19
31
36
4237
25
11
22
9118
8
29
45
29
48
41
30
18
24
33
32
43
8123
45
27
3893
8
46
32
34
48
6
49
3
38
2008
21
5
26
18
4
22
18
17
49
6930
2
1
8465
13
50
6
5
23
2
9
16
22
9
28
22
4196
36
46
44
10047
23
44
22
37
38
44
44
3
801
18
4
26
9
37
41
27
16
37
49
1028
29
1998
39
35
39
5
38
21
6
40
44
50
38
11
1284
44
8
4
46
3605
12
44
75
38
7
38
20
726
1
49
47
50
32
32
42
44
24
8
32
9835
9786
41
33
7
37
47
20
20
34
11
42
1
10
1757
20
12
17
47
50
10588
19
9
50
22
39
13
6051
5
13
9
9
43
48
23
18
22
50
42
49
5984
23
35
46
50
8
48
17
46
14
7
23
26
8426
31
31
44
49
43
45
8639
42
24
14
46
38
9399
48
33
5
45
41
39
6
12
38
22
48
16
9699
2995
42
18
26
4
49
24
35
44
12
45
38
3178
0
50
19
11
9
5
5
8249
33
14
13
22
9368
31
42
31
39
20
5
21
29
23
37
27
5
5546
38
1402
50
26
0
32
8
6
33
37
49
10
10128
37
9
21
21
40
18
8
15
3976
28
33
11
10390
30
23
36
0
35
28
3
9
42
37
29
33
1390
22
45
1892
7
42
11
22
42
29
34
21
18
10497
42
40
33
8
13
32
41
16
32
7471
20
33
2817
47
14
2
45
30
40
14
32
28
7
26
41
8789
22
46
46
5638
30
44
21
49
30
45
12
13
5671
22
15
34
43
20
13
42
39
47
15
390
18
4108
38
2481
14
5
18
32
28
27
15
33
5
40
9994
48
10
10
44
10893
17
45
46
0
43
5
1
2767
6
21
34
3
29
36
4
31
33
38
19
