46
45
22
15
38
47
31
47
32
8
19
10
8
47
7
20
43
45
24
27
40
33
45
30
49
6
2
38
4
46
39
25
37
30
44
31
7
31
7
43
44
27
37
10
7
29
18
19
27
40
44
27
11
41
17
21
5
19
7
2
20
31
32
40
31
5
34
47
8
40
49
46
13
35
35
21
17
24
13
26
40
14
36
3
9
45
2
43
7
34
35
23
42
30
27
32
23
25
34
44
42
41
37
26
46
7
4
36
6
46
6
11
25
21
36
11
14
10
13
17
36
47
25
36
28
34
19
1
11
48
18
47
17
27
9
10
28
2
39
29
21
45
8
3
31
45
33
8
16
50
31
4
2
46
8
44
13
48
22
41
27
18
13
27
38
29
43
4
44
46
1
15
27
10
31
43
47
6
50
31
27
38
33
24
33
26
9
29
38
15
19
3
24
28
17
25
24
41
27
3
2
44
13
20
17
40
3
29
22
35
41
29
19
26
2
11
30
2
25
5
31
41
20
13
45
29
20
0
4
31
23
50
29
8
45
25
41
41
4
1
12
23
50
30
16
31
12
21
10
31
44
49
22
38
1
36
5
19
46
38
50
14
30
34
48
18
44
30
9
33
20
29
12
38
9
32
15
39
24
31
36
24
30
9
39
9
2
44
31
49
12
24
17
11
27
27
41
12
40
50
7
25
2
1
16
42
24
50
34
46
4
36
24
9
26
19
24
50
17
10
17
37
30
14
4
23
15
20
12
34
43
3
28
20
20
48
13
1
35
14
24
16
32
21
29
5
44
6
0
38
20
10
9
36
40
38
29
24
38
19
10
11
13
12
15
39
11
25
0
43
30
18
14
30
14
47
7
16
40
39
15
30
14
2
16
42
24
27
12
42
6
9
35
24
5
32
33
24
13
8
21
25
30
39
10
20
33
47
25
30
30
23
50
42
34
42
17
14
27
17
39
14
25
34
49
22
21
18
19
36
25
24
40
39
34
19
6
20
12
8
11
48
25
29
6
10
38
1
19
28
17
17
31
13
12
34
39
32
0
0
7
12
12
16
46
20
38
7
5
48
27
14
12
9
4
28
22
16
0
11
4
19
16
39
20
33
48
26
37
22
24
5
23
43
17
41
43
24
49
26
18
38
7
31
3
15
43
42
46
37
4
41
29
35
11
11
6
37
30
17
19
12
45
38
44
12
33
36
44
16
28
23
23
45
27
34
32
3
38
16
22
13
35
15
7
38
26
30
24
50
43
34
13
34
10
42
17
0
48
44
43
9
46
16
8
19
13
1
2
3
19
17
14
31
11
19
26
50
19
49
19
19
0
14
18
47
13
32
5
6
25
4
5
13
5
19
27
1
6
42
34
15
10
21
19
34
45
14
8
7
25
16
17
47
23
28
7
14
1
18
32
46
36
14
10
19
15
37
28
11
5
26
40
3
28
18
30
39
37
45
38
24
15
6
8
15
1
27
22
15
46
4
12
40
22
29
5
43
8
1
30
24
15
39
13
42
5
8
24
36
21
8
49
16
7
8
11
30
29
36
46
1
38
37
34
0
22
11
25
45
28
27
7
16
2
24
39
9
36
2
0
45
4
9
29
0
50
41
29
19
42
17
26
23
44
2
9
35
9
24
10
31
50
50
32
5
8
40
2
28
19
48
6
6
32
44
3
15
0
39
8
17
19
27
30
20
28
33
17
37
14
46
14
38
5
18
9
13
40
11
19
17
41
42
50
13
9
7
16
22
1
44
23
2
48
40
9
25
39
49
21
16
3
11
40
20
41
12
31
25
0
33
47
39
20
23
5
28
49
36
41
13
24
49
28
31
32
25
21
48
4
0
8
19
49
0
48
43
35
25
34
42
0
31
50
36
35
32
32
48
30
8
22
15
0
50
45
7
11
24
37
40
32
39
45
32
25
47
17
0
21
45
29
27
34
50
10
19
41
0
16
45
4
29
22
26
3
21
3
39
48
21
24
20
27
6
26
29
31
46
1
0
34
36
28
5
20
23
36
41
36
34
31
48
28
31
50
25
33
35
47
20
14
3
46
34
12
49
43
19
6
37
29
30
47
1
27
20
20
17
37
42
48
16
28
33
12
31
25
10
35
39
47
34
3
23
40
1
9
39
7
31
11
14
41
6
37
40
1
12
47
44
26
9
17
47
35
27
6
22
6
44
8
32
33
19
33
6
40
42
23
9
18
41
42
29
43
17
43
32
2
47
18
9
3
47
41
42
19
35
21
16
41
13
12
19
46
46
25
16
